duracion;paginas;acciones;valor;clase
7;2;4;8;0
21;2;6;6;0
57;2;4;4;0
101;2;6;12;0
109;2;6;12;0
125;3;10;20;0
133;2;2;4;0
162;2;6;12;0
170;2;4;8;0
217;2;6;6;0
266;2;6;12;0
335;3;12;24;0
553;3;12;24;0
798;3;15;15;0
872;2;6;6;0
1.105;2;4;8;0
2.091;3;5;5;0
21;2;4;12;0
33;2;8;48;0
49;2;8;32;0
74;2;6;18;0
93;2;12;96;0
145;2;10;30;0
152;2;4;20;0
208;2;10;30;0
219;2;9;54;0
235;3;12;96;0
257;2;12;48;0
266;2;4;12;0
275;3;24;144;0
355;2;4;16;0
473;2;6;30;0
485;2;6;30;0
652;2;6;24;0
848;2;18;54;0
2;2;2;2;0
9;1;1;1;0
739;3;15;15;0
898;2;2;2;0
1.401;3;6;6;0
11;2;10;40;0
31;2;6;30;0
51;2;4;20;0
89;2;18;144;0
112;2;6;18;0
278;2;4;28;0
674;2;18;72;0
1.088;2;8;64;0
1.294;2;6;18;0
1;2;18;36;1
2;2;20;120;1
7;1;7;28;1
10;2;18;54;1
12;2;20;40;1
14;2;12;36;1
20;2;21;63;1
23;2;6;24;1
50;2;18;54;1
54;1;5;15;1
68;3;63;378;1
85;2;2;6;1
86;2;27;162;1
87;2;9;36;1
105;2;2;6;1
116;2;16;64;1
117;3;40;240;1
146;2;14;28;1
195;2;2;12;1
230;2;12;60;1
293;3;8;24;1
304;2;18;54;1
319;1;7;28;1
530;2;12;24;1
584;2;10;30;1
608;2;30;60;1
643;3;28;168;1
649;2;2;12;1
783;3;20;80;1
1.169;3;12;24;1
1.284;3;16;48;1
1.425;3;28;56;1
1.478;3;30;90;1
1.59;3;32;160;1
2.041;3;24;72;1
2.695;3;18;36;1
3.085;3;56;112;1
15;2;2;4;1
29;2;2;12;1
30;2;6;18;1
1.064;3;25;100;1
15;2;20;60;1
29;2;16;64;1
30;2;2;12;1
1.064;3;20;80;1
11;1;6;24;1
12;1;3;6;0
13;1;2;16;0
11;1;2;4;0
12;1;6;48;0
13;1;4;12;0
12;1;6;24;0
12;1;5;35;0
13;1;6;36;0
13;1;5;20;0
12;1;3;12;0
13;1;3;18;0
12;1;6;24;0
13;1;6;18;0
12;1;6;24;0
11;1;5;40;0
12;1;2;2;0
12;1;3;3;0
12;1;1;1;0
12;1;2;2;0
11;1;3;6;0
12;1;3;6;0
13;1;2;4;0
12;1;2;4;0
12;1;3;3;0
11;1;3;3;0
11;1;3;6;0
12;1;3;6;0
12;1;2;2;0
12;1;3;3;0
11;1;3;3;0
11;1;2;4;0
13;1;1;1;0
11;1;3;3;0
12;1;1;1;0
11;1;1;2;0
11;1;8;48;1
13;1;7;35;1
12;1;4;16;1
13;1;4;12;1
11;1;10;30;1
12;1;10;20;1
13;1;8;16;1
12;1;7;42;1
11;1;2;8;1
11;1;7;28;1
11;1;2;10;1
13;1;2;12;1
11;1;8;32;1
11;1;2;6;1
12;1;8;24;1
13;1;1;3;1
13;1;8;24;1
11;1;5;15;1
13;1;5;25;1
11;1;2;6;1
11;1;3;12;1
11;1;3;6;1
13;1;9;27;1
12;1;8;40;1
12;1;3;18;1
12;1;1;2;1
12;1;1;4;1
11;1;5;15;1
12;1;8;24;1
13;1;4;24;1
11;1;3;15;1
13;1;6;30;1
12;1;4;24;1
11;1;7;35;1
13;1;4;8;1
13;1;7;42;1
12;1;2;6;1
13;1;3;9;1
13;1;7;28;1
12;1;6;18;1
